1       0.310497422     0.3104439861    0.3104199942    0.3057637176    0.2782488548    0.2756879639    0.2848844597    0.2696774104    0.2690387223    0.1751863426
0.310497422     1       0.9997682188    0.9994961294    0.7569505757    0.7280186683    0.7304794024    0.7369347589    0.7369019631    0.729933753     0.0624857552
0.3104439861    0.9997682188    1       0.9997004159    0.7569298942    0.7279832267    0.7304359178    0.7368996778    0.7369091867    0.7299223485    0.062481127
0.3104199942    0.9994961294    0.9997004159    1       0.7568956643    0.7279889541    0.7304460913    0.7368528841    0.7368808244    0.7298999535    0.0624851259
0.3057637176    0.7569505757    0.7569298942    0.7568956643    1       0.7654042428    0.7644587966    0.7724305698    0.7815743399    0.7612962383    0.0678397037
0.2782488548    0.7280186683    0.7279832267    0.7279889541    0.7654042428    1       0.7396797431    0.7417945835    0.7542060889    0.7535569254    0.05643749
0.2756879639    0.7304794024    0.7304359178    0.7304460913    0.7644587966    0.7396797431    1       0.7897058523    0.7411092587    0.7433755334    0.0630234878
0.2848844597    0.7369347589    0.7368996778    0.7368528841    0.7724305698    0.7417945835    0.7897058523    1       0.7446882488    0.743334781     0.0656784755
0.2696774104    0.7369019631    0.7369091867    0.7368808244    0.7815743399    0.7542060889    0.7411092587    0.7446882488    1       0.7712176115    0.0515636121
0.2690387223    0.729933753     0.7299223485    0.7298999535    0.7612962383    0.7535569254    0.7433755334    0.743334781     0.7712176115    1       0.0507458042
0.1751863426    0.0624857552    0.062481127     0.0624851259    0.0678397037    0.05643749      0.0630234878    0.0656784755    0.0515636121    0.0507458042    1
